1587014000 001
1587034985 002
1587035222 003
1587035486 004
1587036447 005
1587036846 006
1587037152 007
1587037184 008
1587037561 009
1587039336 010
1587039872 011
1587041747 012
1587042588 013
1587045322 014
1587047189 015
1587047300 016
1587048016 017
1587048332 018
1587049753 019
1587052632 020
1587054684 021
1587070438 022
1587071673 023
1587076801 024
1587078615 025
1587080810 026
1587082196 027
1587085320 028
1587085348 029
1587086989 030
1587087569 031
1587087980 032
1587088000 033
1587090044 034
1587091218 035
1587092686 036
1587093485 037
1587093504 038
1587093506 039
1587093747 040
1587094799 041
1587096100 042
1587096321 043
1587096560 044
1587096759 045
1587097549 046
1587097966 047
1587097978 048
1587098019 049
1587098989 050
1587099194 051
1587099574 052
1587099969 053
1587100020 054
1587100168 055
1587100212 056
1587101798 057
1587102215 058
1587102765 059
1587103056 060
1587103094 061
1587104444 062
1587104923 063
1587105169 064
1587105468 065
1587105720 066
1587105748 067
1587106013 068
1587106107 069
1587106392 070
1587106616 071
1587106989 072
1587107196 073
1587107222 074
1587107230 075
1587108169 076
1587108966 077
1587109731 078
1587112135 079
1587118282 080
1587119145 081
1587119755 082
1587119874 083
1587120336 084
1587125486 085
1587127111 086
1587127112 087
1587128151 088
1587128529 089
1587130520 090
1587134042 091
1587138095 092
1587141462 093
1587143287 094
1587169114 095
1587174827 096
1587179060 097
1587187492 098
1587200812 099
1587206804 100
1587208402 101
1587211769 102
1587219286 103
1587221443 104
1587231225 105
1587262928 106
1587272495 107
1587278744 108
1587280587 109
1587290360 110
1587292838 111
1587293137 112
1587298673 113
1587334073 114
1587338417 115
1587340615 116
1587346352 117
1587346352 118
1587349579 119
1587352983 120
1587353639 121
1587355475 122
1587357568 123
1587359571 124
1587370184 125
1587370216 126
1587370272 127
1587370420 128
1587373599 129
1587380861 130
1587383095 131
1587395430 132
1587433116 133
1587437765 134
1587440078 135
1587441540 136
1587442561 137
1587444093 138
1587449513 139
1587460190 140
1587460562 141
1587461090 142
1587462454 143
1587481167 144
1587524323 145
1587533508 146
1587540016 147
1587540679 148
1587543040 149
1587544055 150
1587547787 151
1587563913 152
1587614372 153
1587623321 154
1587633556 155
1587690518 156
1587695880 157
1587701463 158
1587722923 159
1587745872 160
1587789875 161
1587915638 162
